98166904
44587307
35342950
34706757
33312373
24769101
23621952
22432803
21229216
20948470
16873793
13412263
11477886
10209239
9708420
8422336
7548320
7084488
6429767
6417941
6307372
6289672
5490639
5177217
5118512
4920192
4838872
4772813
4681309
4661096
4620377
4533249
4233468
4143085
4100480
4084307
4018769
3945566
3267370
3110831
2588441
2459982
2359530
2094142
2024489
1904192
1843220
1780691
1779476
1761381
1746997
1663653
1572598
1462318
1393468
1292940
1264935
1258670
1249134
1231575
1215511
1181073
1145686
1123465
1111179
1108195
1072807
1027031
1003778
999712
994037
986866
985422
982864
929051
821162
816389
716059
680271
670763
658520
644016
622802
620548
601869
589388
585313
544687
515645
506991
493563
472336
456391
450448
442875
398668
397993
342775
338420
333531
332173
326308
288658
280002
270668
265382
257409
250449
244199
230219
226237
221618
215843
206083
205637
201785
199067
192801
185042
182597
169396
169253
169100
151829
137870
132498
121652
114652
103131
102546
93974
92852
91561
88373
88024
87208
81106
76599
74152
73390
71336
68826
68242
66676
63285
62812
62371
61730
57299
50129
48691
47141
46227
45127
44997
42914
40461
40243
39440
39034
38008
37652
37267
34658
34490
33733
32625
30661
29408
27638
27214
24837
23253
21631
21544
20763
20092
19713
19536
18491
18154
17823
17786
17012
16182
15925
15747
15690
15275
14913
14608
12508
11978
11971
11935
11930
11235
10863
10169
9931
9759
9098
8796
8471
7961
7751
7583
7305
7112
6541
6389
6380
6230
5460
5285
4611
3865
3430
3188
1886
1396
1355
793
761
712
80
29
20
10
9