1084282
528629
155078
686027
149948
28406
189919
177054
44678
387163
101139
114084
43148
14984
129897
22643
144421
330065
158093
11003
141794
117539
25024
109206
20738
33111
36369
74
32767
11698
61141
32659
44992
216539
41059
14183
102185
62916
67016
7065
20194
25355
17000
47503
29362
1617
20455
16900
2959
10153
14122
7905
30616
4098
13690
5981
16278
37714
9320
16902
10674
6820
29249
19789
8530
22234
8913
2345
35894
12018
7118
8497
7485
2179
5990
9910
9351
19583
1520
16761
2563
4384
19458
5403
2681
11844
1180
5814
24613
6437
7572
893
10993
682
8683
16136
4260
9534
5678
4017
3588
2789
1123
2781
6879
3155
5602
5226
1637
2221
225
1044
758
2991
213
4229
7799
989
308
4195
3628
4065
1459
3317
3056
1466
1935
806
1917
559
410
1442
202
1968
2682
826
1385
649
314
1422
1281
683
878
1410
4961
995
410
21
3163
38
306
169
155
282
668
227
1024
187
845
285
116
449
833
28
706
857
742
32
391
163
1352
386
138
387
153
118
108
86
237
225
148
138
125
183
12
29
74
189
17
113
63
372
63
21
2157
14
36
87
103
312
29
146
175
161
294
126
193
64
115
46
1
36
77
6
6
1
12
13
1
-1
8
-1
6
7
13
-1
-1
-1
1
2