334805269
1406631776
65584518
215353593
83883596
51329899
68497907
60262770
125584838
145805947
85561976
46719142
98953541
26068792
46010234
17211447
86022837
131562772
279134505
23888595
51512762
37739785
10140570
43192122
9066710
10316637
33181072
25990679
70078203
9326000
19250195
11668278
38388419
33684208
10736784
8773637
60756135
112508994
19031335
5834950
10218971
42164965
8653016
9606259
167885689
5943546
5460193
3968738
4898203
7604299
10300869
5020199
229488994
5511370
19205043
5554960
37772756
6844597
2661708
4059286
6684849
2078034
12046656
18584039
11305652
11992656
5182354
10081785
18113361
30225582
9432800
4446964
3496016
3378078
1848837
10300205
35844909
7305843
1783983
21575842
4380326
11056370
55227143
5345541
1321910
4013171
1223387
29266991
106156692
7040745
120812698
908061
10221247
2979915
2971966
3249317
5323993
2081304
56215221
19470234
2866374
2441162
642371
627950
45350148
216746934
15331428
1448471400
34382084
33089461
445431
374087
7481023
6728271
345393
6550389
40754388
399794
540985
1406585
48432863
2633874
32395450
2985094
17168639
13600464
27911548
444033
35027343
288023
314169
95240792
176463
17653671
20180839
27742298
596831
284164
290915
1184817
794045
412190
909466
29178077
45992020
4901981
567678
787941
19364809
12624840
2331533
99426
77463
165529
9292169
107609
1274727
286259
63298550
8680837
85732
13865691
400516
49233
2175699
11680283
21473764
67277
185113
12784726
16841795
5797805
1369429
22102838
721159
34085
33704
38387
113475
6779100
61939
11618511
9957464
1496662
107749
202239
72344
1016097
60057
5016678
39783
2558482
39730
56973
31154867
321832
26647
43966
3662244
26083660
117489
99509
2063367
907419
5305117
8306436
17413580
30596
111551
53871
17571
39741
227679
18233
9945
10903
15230
123419
5759
3539
4965
6115
667490
10982
0
1622
799
12066
626161
0
